image: initsetup.pgm
resolution: 0.050000
origin: [-3.533414, -4.331446, 0.000000]
negate: 0
occupied_thresh: 0.65
free_thresh: 0.196

